GPU_IDS: [0]
IMG_SIZE: (256, 256)
# R, G, B
PRIOR_MEAN: [0.5137917224580465, 0.5012066989419264, 0.5084005570123902]
PRIOR_STD: [0.03604015457745125, 0.03230412358673179, 0.028683129792561636]

RESUME_WEIGHTS_PATH: 'Checkpoints/best_ckpt.pt'